Epoch	Test Accuracy	Min Index	Selected Indices
0	36.960	1.380	NA	NA
1	42.040	0.959	NA	NA
2	46.650	0.829	NA	NA
3	47.150	0.723	NA	NA
4	48.560	0.680	NA	NA
5	51.220	0.681	NA	NA
6	51.100	0.634	NA	NA
7	52.200	0.599	NA	NA
8	52.560	0.568	NA	NA
9	52.470	0.535	NA	NA
10	51.850	0.598	4	4,14
11	51.270	0.576	14	14,24
12	50.510	0.617	5	5,22
13	51.220	0.602	14	12,23
14	50.340	0.640	11	11,13
15	50.940	0.579	5	16,3
16	50.040	0.624	3	17,3
17	49.370	0.657	2	2,23
18	48.350	0.671	8	14,8
19	47.380	0.618	1	1,21
20	48.670	0.624	2	20,6
21	47.900	0.671	7	10,7
22	46.740	0.672	9	9,24
23	45.500	0.702	5	6,5
24	44.250	0.719	4	4,6
25	42.930	0.730	11	11,20
26	45.400	0.731	8	13,6
27	44.520	0.722	12	12,14
28	43.350	0.720	8	17,8
29	41.870	0.739	5	12,5
30	43.900	0.742	13	20,3
31	42.770	0.774	0	5,0
32	41.370	0.837	12	19,12
33	39.760	0.772	4	4,24
34	38.230	0.853	5	18,5
35	36.360	0.900	5	6,5
36	34.150	0.925	0	0,21
37	39.860	0.913	18	7,14
38	40.830	0.840	3	20,12
39	39.320	0.874	4	4,19
40	38.090	0.907	17	17,24
41	35.970	0.923	1	1,19
42	34.050	0.956	7	7,22
43	37.680	0.934	1	19,24
44	35.830	0.980	16	16,22
45	33.860	1.000	9	9,22
46	31.900	0.989	10	18,10
47	29.530	1.057	16	16,21
48	27.220	1.082	10	10,17
49	24.620	1.138	11	11,15
